4.10716e+13
4.11442e+13
4.12169e+13
4.12896e+13
4.13623e+13
4.1435e+13
4.15076e+13
4.15803e+13
4.1653e+13
4.17257e+13
4.17983e+13
4.1871e+13
4.19437e+13
4.20164e+13
4.2089e+13
4.21617e+13
4.22344e+13
4.23071e+13
4.23798e+13
4.24524e+13
4.25251e+13
4.25978e+13
4.26705e+13
4.27431e+13
4.28158e+13
4.28885e+13
4.29612e+13
4.30338e+13
4.31065e+13
4.31792e+13
4.32519e+13
4.33246e+13
4.33972e+13
4.34699e+13
4.35426e+13
4.36153e+13
4.36879e+13
4.37606e+13
4.38333e+13
4.3906e+13
4.39786e+13
4.40513e+13
4.4124e+13
4.41967e+13
4.42694e+13
4.4342e+13
4.44147e+13
4.44874e+13
4.45601e+13
4.46327e+13
4.47054e+13
4.47781e+13
4.48508e+13
4.49234e+13
4.49961e+13
4.50688e+13
4.51415e+13
4.52142e+13
4.52868e+13
4.53595e+13
4.54322e+13
4.55049e+13
4.55775e+13
4.56502e+13
4.57229e+13
4.57956e+13
4.58682e+13
4.59409e+13
4.60136e+13
4.60863e+13
4.6159e+13
4.62316e+13
4.63043e+13
4.6377e+13
4.64497e+13
4.65223e+13
4.6595e+13
4.66677e+13
4.67404e+13
4.6813e+13
4.68857e+13
4.69584e+13
4.70311e+13
4.71038e+13
4.71764e+13
4.72491e+13
4.73218e+13
4.73945e+13
4.74671e+13
4.75398e+13
4.76125e+13
4.76852e+13
4.77578e+13
4.78305e+13
4.79032e+13
4.79759e+13
4.80486e+13
4.81212e+13
4.81939e+13
4.82666e+13
