-1e-05
-9.95455e-06
-9.90909e-06
-9.86364e-06
-9.81818e-06
-9.77273e-06
-9.72727e-06
-9.68182e-06
-9.63636e-06
-9.59091e-06
-9.54545e-06
-9.5e-06
-9.45455e-06
-9.39572e-06
-9.33362e-06
-9.25748e-06
-9.15895e-06
-9.06042e-06
-8.96189e-06
-8.86336e-06
-8.76483e-06
-8.66629e-06
-8.56776e-06
-8.46923e-06
-8.3707e-06
-8.27217e-06
-8.17364e-06
-8.0751e-06
-7.97657e-06
-7.87804e-06
-7.77951e-06
-7.68098e-06
-7.58245e-06
-7.48392e-06
-7.38538e-06
-7.28685e-06
-7.18832e-06
-7.08979e-06
-6.99126e-06
-6.89273e-06
-6.7942e-06
-6.69566e-06
-6.59713e-06
-6.4986e-06
-6.40007e-06
-6.30154e-06
-6.20301e-06
-6.10448e-06
-6.00594e-06
-5.90741e-06
-5.80888e-06
-5.71035e-06
-5.61182e-06
-5.51329e-06
-5.41476e-06
-5.31622e-06
-5.21769e-06
-5.11916e-06
-5.02063e-06
-4.9221e-06
-4.82357e-06
-4.72503e-06
-4.6265e-06
-4.52797e-06
-4.42944e-06
-4.33091e-06
-4.23238e-06
-4.13385e-06
-4.03531e-06
-3.93678e-06
-3.83825e-06
-3.73972e-06
-3.64119e-06
-3.54266e-06
-3.44413e-06
-3.34559e-06
-3.24706e-06
-3.16847e-06
-3.10579e-06
-3.05e-06
-3e-06
-2.95e-06
-2.9e-06
-2.85e-06
-2.8e-06
-2.75e-06
-2.7e-06
-2.65e-06
-2.6e-06
-2.55e-06
-2.5e-06
-2.45e-06
-2.4e-06
-2.35e-06
-2.3e-06
-2.25e-06
-2.2e-06
-2.15e-06
-2.1e-06
-2.05e-06
-2e-06
-1.95e-06
-1.9e-06
-1.85e-06
-1.8e-06
-1.75e-06
-1.7e-06
-1.65e-06
-1.6e-06
-1.55e-06
-1.5e-06
-1.45e-06
-1.4e-06
-1.35e-06
-1.3e-06
-1.25e-06
-1.2e-06
-1.15e-06
-1.1e-06
-1.05e-06
-1e-06
-9.5e-07
-9e-07
-8.5e-07
-8e-07
-7.5e-07
-7e-07
-6.5e-07
-6e-07
-5.5e-07
-5e-07
-4.5e-07
-4e-07
-3.5e-07
-3e-07
-2.5e-07
-2e-07
-1.5e-07
-1e-07
-5e-08
0
5e-08
1e-07
1.5e-07
2e-07
2.5e-07
3e-07
3.5e-07
4e-07
4.5e-07
5e-07
5.5e-07
6e-07
6.5e-07
7e-07
7.5e-07
8e-07
8.5e-07
9e-07
9.5e-07
1e-06
1.05e-06
1.1e-06
1.15e-06
1.2e-06
1.25e-06
1.3e-06
1.35e-06
1.4e-06
1.45e-06
1.5e-06
1.55e-06
1.6e-06
1.65e-06
1.7e-06
1.75e-06
1.8e-06
1.85e-06
1.9e-06
1.95e-06
2e-06
2.05e-06
2.1e-06
2.15e-06
2.2e-06
2.25e-06
2.3e-06
2.35e-06
2.4e-06
2.45e-06
2.5e-06
2.55e-06
2.6e-06
2.65e-06
2.7e-06
2.75e-06
2.8e-06
2.85e-06
2.9e-06
2.95e-06
3e-06
3.05e-06
3.10579e-06
3.16847e-06
3.24706e-06
3.34559e-06
3.44413e-06
3.54266e-06
3.64119e-06
3.73972e-06
3.83825e-06
3.93678e-06
4.03531e-06
4.13385e-06
4.23238e-06
4.33091e-06
4.42944e-06
4.52797e-06
4.6265e-06
4.72503e-06
4.82357e-06
4.9221e-06
5.02063e-06
5.11916e-06
5.21769e-06
5.31622e-06
5.41476e-06
5.51329e-06
5.61182e-06
5.71035e-06
5.80888e-06
5.90741e-06
6.00594e-06
6.10448e-06
6.20301e-06
6.30154e-06
6.40007e-06
6.4986e-06
6.59713e-06
6.69566e-06
6.7942e-06
6.89273e-06
6.99126e-06
7.08979e-06
7.18832e-06
7.28685e-06
7.38538e-06
7.48392e-06
7.58245e-06
7.68098e-06
7.77951e-06
7.87804e-06
7.97657e-06
8.0751e-06
8.17364e-06
8.27217e-06
8.3707e-06
8.46923e-06
8.56776e-06
8.66629e-06
8.76483e-06
8.86336e-06
8.96189e-06
9.06042e-06
9.15895e-06
9.25748e-06
9.33362e-06
9.39572e-06
9.45455e-06
9.5e-06
9.54545e-06
9.59091e-06
9.63636e-06
9.68182e-06
9.72727e-06
9.77273e-06
9.81818e-06
9.86364e-06
9.90909e-06
9.95455e-06
1e-05
