-7.65e-06
-7.60455e-06
-7.55909e-06
-7.51364e-06
-7.46818e-06
-7.42273e-06
-7.37727e-06
-7.33182e-06
-7.28636e-06
-7.24091e-06
-7.19545e-06
-7.15e-06
-7.10455e-06
-7.04571e-06
-6.98355e-06
-6.90739e-06
-6.80881e-06
-6.71023e-06
-6.61166e-06
-6.51308e-06
-6.4145e-06
-6.31592e-06
-6.21735e-06
-6.11877e-06
-6.02019e-06
-5.92161e-06
-5.82304e-06
-5.72446e-06
-5.62588e-06
-5.5273e-06
-5.42873e-06
-5.33015e-06
-5.23157e-06
-5.13299e-06
-5.03442e-06
-4.93584e-06
-4.83726e-06
-4.73868e-06
-4.6401e-06
-4.54153e-06
-4.44295e-06
-4.34437e-06
-4.24579e-06
-4.14722e-06
-4.04864e-06
-3.95006e-06
-3.85148e-06
-3.75291e-06
-3.65433e-06
-3.55575e-06
-3.45717e-06
-3.3586e-06
-3.26002e-06
-3.16144e-06
-3.06286e-06
-2.96429e-06
-2.86571e-06
-2.76713e-06
-2.66855e-06
-2.56997e-06
-2.4714e-06
-2.37282e-06
-2.27424e-06
-2.17566e-06
-2.07709e-06
-1.97851e-06
-1.87993e-06
-1.78135e-06
-1.68278e-06
-1.5842e-06
-1.48562e-06
-1.38704e-06
-1.28847e-06
-1.18989e-06
-1.09131e-06
-9.92733e-07
-8.94155e-07
-8.17144e-07
-7.56982e-07
-6.97e-07
-6.5e-07
-6.03e-07
-5.56e-07
-5.09e-07
-4.62e-07
-4.15e-07
-3.68e-07
-3.25036e-07
-2.85762e-07
-2.4872e-07
-2.12818e-07
-1.8e-07
-1.5e-07
-1.2e-07
-9e-08
-6e-08
-3e-08
0
3e-08
6e-08
9e-08
1.2e-07
1.5e-07
1.8e-07
2.12818e-07
2.4872e-07
2.85762e-07
3.25036e-07
3.68e-07
4.15e-07
4.62e-07
5.09e-07
5.56e-07
6.03e-07
6.5e-07
6.97e-07
7.56982e-07
8.17144e-07
8.94155e-07
9.92733e-07
1.09131e-06
1.18989e-06
1.28847e-06
1.38704e-06
1.48562e-06
1.5842e-06
1.68278e-06
1.78135e-06
1.87993e-06
1.97851e-06
2.07709e-06
2.17566e-06
2.27424e-06
2.37282e-06
2.4714e-06
2.56997e-06
2.66855e-06
2.76713e-06
2.86571e-06
2.96429e-06
3.06286e-06
3.16144e-06
3.26002e-06
3.3586e-06
3.45717e-06
3.55575e-06
3.65433e-06
3.75291e-06
3.85148e-06
3.95006e-06
4.04864e-06
4.14722e-06
4.24579e-06
4.34437e-06
4.44295e-06
4.54153e-06
4.6401e-06
4.73868e-06
4.83726e-06
4.93584e-06
5.03442e-06
5.13299e-06
5.23157e-06
5.33015e-06
5.42873e-06
5.5273e-06
5.62588e-06
5.72446e-06
5.82304e-06
5.92161e-06
6.02019e-06
6.11877e-06
6.21735e-06
6.31592e-06
6.4145e-06
6.51308e-06
6.61166e-06
6.71023e-06
6.80881e-06
6.90739e-06
6.98355e-06
7.04571e-06
7.10455e-06
7.15e-06
7.19545e-06
7.24091e-06
7.28636e-06
7.33182e-06
7.37727e-06
7.42273e-06
7.46818e-06
7.51364e-06
7.55909e-06
7.60455e-06
7.65e-06
